11
2
10 10 0 0
10000000000
00000000000
00000030000
00030000000
00000000000
00000000000
00000000000
00000003000
00003000000
00000000000
00000000002

11
1
10 10 0 0
10000000000
00000300000
00000000000
00000000000
00000000000
03000000030
00000000000
00000000000
00000000000
00000300000
00000000002

11
1
9 10 0 0
10000000000
00000000000
00000030000
00030000000
00000000000
00000000000
00000000000
00000003000
00003000000
00000000002
00000000002


11
1
9 10 0 0
10030003000
00000000000
00000030000
00030000000
30000300300
00000000000
00300300000
00000003000
00003000000
00000000002
00000300002

11
1
9 10 0 0
10000000000
00000003000
00000000000
00000000000
00000000000
00000000000
00000000000
00000000000
00000000000
00030000000
00000000002

11
1
9 10 0 0
10000000000
00000000000
00000000000
00000000000
00000000000
00000000000
00000000000
00000000000
00000000000
00000000002
00000000002

11
1
9 10 0 0
10030000000
00030000000
00030030000
33330000000
00000000000
00000000000
00000000000
00003333333
00003000000
00003000002
00003000002

11
1
0 1 9 10
01000030000
01130030000
00133030000
03030300000
03330000000
00030000000
03330000000
03033333333
00000030000
03003333302
03000000302

11
1
9 10 0 0
10000030000
00030030000
00033330000
03030000000
03330000000
00030000000
03330000000
03033333333
00000030000
03003033302
03000000302

11
1
9 10 0 0
10000030000
00030030000
00033030000
03030000000
03330000000
00030000000
03330000000
03333333033
00000030000
03003330302
03000000302

11
2
10 10 0 0
10000000000
00000000000
30000030000
00030000000
00000000030
00000300000
00300000000
00000003000
00003000000
00000000000
00000030002


15
2
14 14 0 0
100000000000000
000300000000000
000000000030030
000000000000000
000030000000000
000000000000000
000000000000000
003000000000300
000000000000000
000000000000000
000000000030000
000000000000000
030030000000000
000000000003000
000000000000002

15
2
14 14 0 0
110000000000000
011300000000000
001100000030030
000111000000000
000031000000000
000000000000000
000000000000000
003000000000300
000000000000000
000000002000000
000000002230000
000000002222200
030030000000220
000000000003022
000000000000002

15
2
14 14 0 0
100000000000000
000300000000000
000000000030030
000000000000000
300030000000000
000000000003000
000000300000000
003000000000300
000000003000000
000000000000000
000000000030000
000000000000000
030030000000000
000000000003000
000000000000002



11
2
10 10 0 0
10003000000
00000000000
30000030000
00000000000
00030000000
00000000000
00000003000
00000000000
00003000003
00000000000
00000030002

11
2
10 10 0 0
10003000000
00000000000
30000030000
00000000000
33030033303
00000000000
00000003000
03000000000
00003000003
00000000000
00000030002

11
2
10 10 0 0
10030000000
00000000030
00000300000
30000000000
00000000000
00300000300
00000000000
00000000003
00000300000
03000000000
00000003002

11
1
2 8 6 1
10000000000
10000000000
10000222200
11000222200
01100222200
00111222200
01111000220
01111000022
01111000002
00000000002
00000000002

8
1
6 7 0 0
10000000
00000000
00000000
00000000
00000000
00000000
00000002
00000002

3
1
1 2 0 0
100
002
000

3
1
2 2 0 0
100
000
002


11
2
10 10 0 0
10030000000
00300000030
00000300300
30000300000
00000000000
00300000300
00000000000
00000300303
00000300000
03000000000
00000003002

11
1
5 5 6 5
10000000000
10000000000
10000222200
11000222200
01100222200
00111222200
00000100220
00000000022
00000000002
00000000002
00000000002



